,tanggal,KASUS,MENINGGAL,SEMBUH,DIRAWAT_OR_ISOLASI,AKUMULASI_KASUS,AKUMULASI_SEMBUH,AKUMULASI_MENINGGAL,AKUMULASI_DIRAWAT_OR_ISOLASI
0,1584489600000,7,1,0,6,7,0,1,6
1,1584576000000,3,0,0,3,10,0,1,9
2,1584662400000,9,0,0,9,19,0,1,18
3,1584748800000,9,1,0,8,28,0,2,26
4,1584835200000,14,0,0,14,42,0,2,40
5,1584921600000,2,1,0,1,44,0,3,41
6,1585008000000,3,1,0,2,47,0,4,43
7,1585094400000,9,0,1,8,56,1,4,51
8,1585180800000,13,1,0,12,69,1,5,63
9,1585267200000,3,1,0,2,72,1,6,65
10,1585353600000,14,2,2,10,86,3,8,75
11,1585440000000,12,1,28,-17,98,31,9,58
12,1585526400000,7,2,0,5,105,31,11,63
13,1585612800000,1,0,0,1,106,31,11,64
14,1585699200000,9,4,77,-72,115,108,15,-8
15,1585785600000,0,12,91,-103,115,199,27,-111
16,1585872000000,47,1,7,39,162,206,28,-72
17,1585958400000,5,2,3,0,167,209,30,-72
18,1586044800000,35,2,8,25,202,217,32,-47
19,1586131200000,9,5,11,-7,211,228,37,-54
20,1586217600000,5,5,2,-2,216,230,42,-56
21,1586304000000,15,23,15,-23,231,245,65,-79
22,1586390400000,36,12,43,-19,267,288,77,-98
23,1586476800000,30,4,34,-8,297,322,81,-106
24,1586563200000,15,9,27,-21,312,349,90,-127
25,1586649600000,111,1,7,103,423,356,91,-24
26,1586736000000,52,3,6,43,475,362,94,19
27,1586822400000,36,2,10,24,511,372,96,43
28,1586908800000,25,4,4,17,536,376,100,60
29,1586995200000,13,4,3,6,549,379,104,66
30,1587081600000,10,6,3,1,559,382,110,67
31,1587168000000,34,3,7,24,593,389,113,91
32,1587254400000,43,6,2,35,636,391,119,126
33,1587340800000,5,3,1,1,641,392,122,127
34,1587427200000,10,5,2,3,651,394,127,130
35,1587513600000,36,5,30,1,687,424,132,131
36,1587600000000,27,4,12,11,714,436,136,142
37,1587686400000,20,11,14,-5,734,450,147,137
38,1587772800000,75,7,19,49,809,469,154,186
39,1587859200000,19,8,4,7,828,473,162,193
40,1587945600000,12,5,9,-2,840,482,167,191
41,1588032000000,58,1,21,36,898,503,168,227
42,1588118400000,20,3,10,7,918,513,171,234
43,1588204800000,75,5,8,62,993,521,176,296
44,1588291200000,83,5,33,45,1076,554,181,341
45,1588377600000,7,10,46,-49,1083,600,191,292
46,1588464000000,77,6,9,62,1160,609,197,354
47,1588550400000,13,8,7,-2,1173,616,205,352
48,1588636800000,41,7,21,13,1214,637,212,365
49,1588723200000,48,13,11,24,1262,648,225,389
50,1588809600000,34,14,9,11,1296,657,239,400
51,1588896000000,30,19,46,-35,1326,703,258,365
52,1588982400000,158,12,63,83,1484,766,270,448
53,1589068800000,78,7,48,23,1562,814,277,471
54,1589155200000,54,13,70,-29,1616,884,290,442
55,1589241600000,111,11,28,72,1727,912,301,514
56,1589328000000,141,7,47,87,1868,959,308,601
57,1589414400000,85,14,17,54,1953,976,322,655
58,1589500800000,57,13,12,32,2010,988,335,687
59,1589587200000,168,11,24,133,2178,1012,346,820
60,1589673600000,57,11,30,16,2235,1042,357,836
61,1589760000000,124,13,15,96,2359,1057,370,932
62,1589846400000,84,13,48,23,2443,1105,383,955
63,1589932800000,124,19,43,62,2567,1148,402,1017
64,1590019200000,431,14,12,405,2998,1160,416,1422
65,1590105600000,155,9,51,95,3153,1211,425,1517
66,1590192000000,465,20,90,355,3618,1301,445,1872
67,1590278400000,72,11,55,6,3690,1356,456,1878
68,1590364800000,200,16,34,150,3890,1390,472,2028
69,1590451200000,86,14,67,5,3976,1457,486,2033
70,1590537600000,166,15,44,107,4142,1501,501,2140
71,1590624000000,168,13,55,100,4310,1556,514,2240
72,1590710400000,132,8,52,72,4442,1608,522,2312
73,1590796800000,180,12,54,114,4622,1662,534,2426
74,1590883200000,232,16,203,13,4854,1865,550,2439
75,1590969600000,95,16,96,-17,4949,1961,566,2422
76,1591056000000,171,19,298,-146,5120,2259,585,2276
77,1591142400000,173,13,304,-144,5293,2563,598,2132
78,1591228800000,107,15,179,-87,5400,2742,613,2045
79,1591315200000,144,22,172,-50,5544,2914,635,1995
80,1591401600000,84,19,117,-52,5628,3031,654,1943
81,1591488000000,270,18,147,105,5898,3178,672,2048
82,1591574400000,319,20,161,138,6217,3339,692,2186
83,1591660800000,189,24,127,38,6406,3466,716,2224
84,1591747200000,275,29,203,43,6681,3669,745,2267
85,1591833600000,251,32,88,131,6932,3757,777,2398
86,1591920000000,245,29,185,31,7177,3942,806,2429
87,1592006400000,218,23,93,102,7395,4035,829,2531
88,1592092800000,194,22,63,109,7589,4098,851,2640
89,1592179200000,312,30,95,187,7901,4193,881,2827
90,1592265600000,204,22,59,123,8105,4252,903,2950
91,1592352000000,210,27,239,-56,8315,4491,930,2894
92,1592438400000,319,23,269,27,8634,4760,953,2921
93,1592524800000,196,22,115,59,8830,4875,975,2980
94,1592611200000,300,18,257,25,9130,5132,993,3005
95,1592697600000,131,16,126,-11,9261,5258,1009,2994
96,1592784000000,329,11,116,202,9590,5374,1020,3196
97,1592870400000,241,17,130,94,9831,5504,1037,3290
98,1592956800000,183,19,161,3,10014,5665,1056,3293
99,1593043200000,304,23,135,146,10318,5800,1079,3439
100,1593129600000,361,32,186,143,10679,5986,1111,3582
101,1593216000000,287,25,105,157,10966,6091,1136,3739
102,1593302400000,236,21,182,33,11202,6273,1157,3772
103,1593388800000,226,21,102,103,11428,6375,1178,3875
104,1593475200000,394,24,198,172,11822,6573,1202,4047
105,1593561600000,305,25,116,164,12127,6689,1227,4211
106,1593648000000,342,28,222,92,12469,6911,1255,4303
107,1593734400000,372,20,160,192,12841,7071,1275,4495
108,1593820800000,384,31,154,199,13225,7225,1306,4694
109,1593907200000,411,14,262,135,13636,7487,1320,4829
110,1593993600000,280,18,219,43,13916,7706,1338,4872
111,1594080000000,321,21,153,147,14237,7859,1359,5019
112,1594166400000,393,17,164,212,14630,8023,1376,5231
113,1594252800000,416,27,180,209,15046,8203,1403,5440
114,1594339200000,295,17,311,-33,15341,8514,1420,5407
115,1594425600000,393,19,310,64,15734,8824,1439,5471
116,1594512000000,388,21,261,106,16122,9085,1460,5577
117,1594598400000,197,22,165,10,16319,9250,1482,5587
118,1594684800000,278,26,272,-20,16597,9522,1508,5567
119,1594771200000,261,39,315,-93,16858,9837,1547,5474
120,1594857600000,191,17,254,-80,17049,10091,1564,5394
121,1594944000000,249,21,306,-78,17298,10397,1585,5316
122,1595030400000,257,26,224,7,17555,10621,1611,5323
123,1595116800000,302,44,285,-27,17857,10906,1655,5296
124,1595203200000,287,26,257,4,18144,11163,1681,5300
125,1595289600000,305,25,370,-90,18449,11533,1706,5210
126,1595376000000,359,32,311,16,18808,11844,1738,5226
127,1595462400000,323,37,363,-77,19131,12207,1775,5149
128,1595548800000,563,30,348,185,19694,12555,1805,5334
129,1595635200000,270,22,353,-105,19964,12908,1827,5229
130,1595721600000,302,33,260,9,20266,13168,1860,5238
131,1595808000000,286,18,309,-41,20552,13477,1878,5197
132,1595894400000,273,31,311,-69,20825,13788,1909,5128
133,1595980800000,286,19,366,-99,21111,14154,1928,5029
134,1596067200000,315,20,283,12,21426,14437,1948,5041
135,1596153600000,294,22,261,11,21720,14698,1970,5052
136,1596240000000,581,19,240,322,22301,14938,1989,5374
137,1596326400000,330,23,220,87,22631,15158,2012,5461
138,1596412800000,321,17,258,46,22952,15416,2029,5507
139,1596499200000,391,19,247,125,23343,15663,2048,5632
140,1596585600000,414,11,347,56,23757,16010,2059,5688
141,1596672000000,265,19,490,-244,24022,16500,2078,5444
142,1596758400000,365,21,576,-232,24387,17076,2099,5212
143,1596844800000,402,24,345,33,24789,17421,2123,5245
144,1596931200000,367,29,317,21,25156,17738,2152,5266
145,1597017600000,298,18,382,-102,25454,18120,2170,5164
146,1597104000000,288,23,277,-12,25742,18397,2193,5152
147,1597190400000,298,34,450,-186,26040,18847,2227,4966
148,1597276800000,327,36,569,-278,26367,19416,2263,4688
149,1597363200000,402,41,359,2,26769,19775,2304,4690
150,1597449600000,416,27,366,23,27185,20141,2331,4713
151,1597536000000,471,23,389,59,27656,20530,2354,4772
152,1597622400000,313,27,389,-103,27969,20919,2381,4669
153,1597708800000,318,24,363,-69,28287,21282,2405,4600
154,1597795200000,338,27,485,-174,28625,21767,2432,4426
155,1597881600000,366,25,367,-26,28991,22134,2457,4400
156,1597968000000,451,39,367,45,29442,22501,2496,4445
157,1598054400000,343,30,382,-69,29785,22883,2526,4376
158,1598140800000,282,28,369,-115,30067,23252,2554,4261
159,1598227200000,340,22,491,-173,30407,23743,2576,4088
160,1598313600000,364,20,460,-116,30771,24203,2596,3972
161,1598400000000,322,31,398,-107,31093,24601,2627,3865
162,1598486400000,362,31,353,-22,31455,24954,2658,3843
163,1598572800000,424,32,337,55,31879,25291,2690,3898
164,1598659200000,615,24,264,327,32494,25555,2714,4225
165,1598745600000,458,34,398,26,32952,25953,2748,4251
166,1598832000000,315,38,493,-216,33267,26446,2786,4035
167,1598918400000,351,19,405,-73,33618,26851,2805,3962
168,1599004800000,359,17,360,-18,33977,27211,2822,3944
169,1599091200000,371,34,331,6,34348,27542,2856,3950
170,1599177600000,330,43,347,-60,34678,27889,2899,3890
171,1599264000000,322,26,336,-40,35000,28225,2925,3850
172,1599350400000,305,32,391,-118,35305,28616,2957,3732
173,1599436800000,290,26,376,-112,35595,28992,2983,3620
174,1599523200000,425,27,348,50,36020,29340,3010,3670
175,1599609600000,356,38,391,-73,36376,29731,3048,3597
176,1599696000000,370,27,315,28,36746,30046,3075,3625
177,1599782400000,369,34,359,-24,37115,30405,3109,3601
178,1599868800000,364,24,442,-102,37479,30847,3133,3499
179,1599955200000,236,30,710,-504,37715,31557,3163,2995
180,1600041600000,358,31,346,-19,38073,31903,3194,2976
181,1600128000000,371,24,346,1,38444,32249,3218,2977
182,1600214400000,358,24,340,-6,38802,32589,3242,2971
183,1600300800000,323,29,333,-39,39125,32922,3271,2932
184,1600387200000,488,23,538,-73,39613,33460,3294,2859
185,1600473600000,351,31,353,-33,39964,33813,3325,2826
186,1600560000000,350,21,321,8,40314,34134,3346,2834
187,1600646400000,336,16,286,34,40650,34420,3362,2868
188,1600732800000,336,22,379,-65,40986,34799,3384,2803
189,1600819200000,342,23,335,-16,41328,35134,3407,2787
190,1600905600000,359,24,363,-28,41687,35497,3431,2759
191,1600992000000,284,22,374,-112,41971,35871,3453,2647
192,1601078400000,269,17,344,-92,42240,36215,3470,2555
193,1601164800000,197,19,460,-282,42437,36675,3489,2273
194,1601251200000,280,22,451,-193,42717,37126,3511,2080
195,1601337600000,275,24,321,-70,42992,37447,3535,2010
196,1601424000000,531,51,565,-85,43523,38012,3586,1925
197,1601510400000,601,22,372,207,44124,38384,3608,2132
198,1601596800000,269,22,363,-116,44393,38747,3630,2016
199,1601683200000,319,15,343,-39,44712,39090,3645,1977
200,1601769600000,238,18,331,-111,44950,39421,3663,1866
201,1601856000000,245,8,290,-53,45195,39711,3671,1813
202,1601942400000,275,9,247,19,45470,39958,3680,1832
203,1602028800000,326,23,299,4,45796,40257,3703,1836
204,1602115200000,343,20,329,-6,46139,40586,3723,1830
205,1602201600000,303,25,378,-100,46442,40964,3748,1730
206,1602288000000,310,20,371,-81,46752,41335,3768,1649
207,1602374400000,260,15,317,-72,47012,41652,3783,1577
208,1602460800000,297,19,317,-39,47309,41969,3802,1538
209,1602547200000,330,22,365,-57,47639,42334,3824,1481
210,1602633600000,300,21,346,-67,47939,42680,3845,1414
211,1602720000000,294,20,372,-98,48233,43052,3865,1316
212,1602806400000,286,21,402,-137,48519,43454,3886,1179
213,1602892800000,250,22,382,-154,48769,43836,3908,1025
214,1602979200000,236,21,318,-103,49005,44154,3929,922
215,1603065600000,232,21,351,-140,49237,44505,3950,782
216,1603152000000,295,12,339,-56,49532,44844,3962,726
217,1603238400000,332,17,342,-27,49864,45186,3979,699
218,1603324800000,272,21,380,-129,50136,45566,4000,570
219,1603411200000,282,22,376,-116,50418,45942,4022,454
220,1603497600000,292,18,349,-75,50710,46291,4040,379
221,1603584000000,246,18,269,-41,50956,46560,4058,338
222,1603670400000,288,13,285,-10,51244,46845,4071,328
223,1603756800000,286,11,270,5,51530,47115,4082,333
224,1603843200000,232,15,260,-43,51762,47375,4097,290
225,1603929600000,242,15,282,-55,52004,47657,4112,235
226,1604016000000,218,46,542,-370,52222,48199,4158,-135
227,1604102400000,225,22,277,-74,52447,48476,4180,-209
228,1604188800000,627,23,345,259,53074,48821,4203,50
229,1604275200000,284,12,291,-19,53358,49112,4215,31
230,1604361600000,261,24,280,-43,53619,49392,4239,-12
231,1604448000000,231,15,280,-64,53850,49672,4254,-76
232,1604534400000,270,9,274,-13,54120,49946,4263,-89
233,1604620800000,261,13,308,-60,54381,50254,4276,-149
234,1604707200000,269,25,282,-38,54650,50536,4301,-187
235,1604793600000,279,21,275,-17,54929,50811,4322,-204
236,1604880000000,243,28,278,-63,55172,51089,4350,-267
237,1604966400000,303,25,312,-34,55475,51401,4375,-301
238,1605052800000,185,21,272,-108,55660,51673,4396,-409
239,1605139200000,233,24,238,-29,55893,51911,4420,-438
240,1605225600000,224,21,291,-88,56117,52202,4441,-526
241,1605312000000,240,21,303,-84,56357,52505,4462,-610
242,1605398400000,189,10,278,-99,56546,52783,4472,-709
243,1605484800000,263,30,259,-26,56809,53042,4502,-735
244,1605571200000,317,29,248,40,57126,53290,4531,-695
245,1605657600000,372,18,283,71,57498,53573,4549,-624
246,1605744000000,408,33,248,127,57906,53821,4582,-497
247,1605830400000,361,26,305,30,58267,54126,4608,-467
248,1605916800000,354,23,265,66,58621,54391,4631,-401
249,1606003200000,274,27,276,-29,58895,54667,4658,-430
250,1606089600000,341,29,268,44,59236,54935,4687,-386
251,1606176000000,331,29,259,43,59567,55194,4716,-343
252,1606262400000,378,35,284,59,59945,55478,4751,-284
253,1606348800000,361,34,283,44,60306,55761,4785,-240
254,1606435200000,375,43,338,-6,60681,56099,4828,-246
255,1606521600000,442,32,394,16,61123,56493,4860,-230
256,1606608000000,393,32,267,94,61516,56760,4892,-136
257,1606694400000,389,94,676,-381,61905,57436,4986,-517
258,1606780800000,419,30,402,-13,62324,57838,5016,-530
259,1606867200000,463,23,317,123,62787,58155,5039,-407
260,1606953600000,531,36,372,123,63318,58527,5075,-284
261,1607040000000,586,17,364,205,63904,58891,5092,-79
262,1607126400000,540,27,395,118,64444,59286,5119,39
263,1607212800000,536,31,352,153,64980,59638,5150,192
264,1607299200000,572,30,397,145,65552,60035,5180,337
265,1607385600000,572,45,541,-14,66124,60576,5225,323
266,1607472000000,670,47,527,96,66794,61103,5272,419
267,1607558400000,726,31,611,84,67520,61714,5303,503
268,1607644800000,812,32,444,336,68332,62158,5335,839
269,1607731200000,765,49,450,266,69097,62608,5384,1105
270,1607817600000,709,30,563,116,69806,63171,5414,1221
271,1607904000000,704,22,501,181,70510,63672,5436,1402
272,1607990400000,705,47,746,-88,71215,64418,5483,1314
273,1608076800000,724,44,463,217,71939,64881,5527,1531
274,1608163200000,832,36,612,184,72771,65493,5563,1715
275,1608249600000,830,47,597,186,73601,66090,5610,1901
276,1608336000000,736,50,519,167,74337,66609,5660,2068
277,1608422400000,643,45,725,-127,74980,67334,5705,1941
278,1608508800000,803,34,600,169,75783,67934,5739,2110
279,1608595200000,705,47,617,41,76488,68551,5786,2151
280,1608681600000,812,44,648,120,77300,69199,5830,2271
281,1608768000000,731,55,668,8,78031,69867,5885,2279
282,1608854400000,734,55,514,165,78765,70381,5940,2444
283,1608940800000,779,48,647,84,79544,71028,5988,2528
284,1609027200000,675,40,543,92,80219,71571,6028,2620
285,1609113600000,813,62,602,149,81032,72173,6090,2769
286,1609200000000,766,56,661,49,81798,72834,6146,2818
287,1609286400000,957,58,744,155,82755,73578,6204,2973
288,1609372800000,1644,163,1257,224,84399,74835,6367,3197
289,1609459200000,862,64,641,157,85261,75476,6431,3354
290,1609545600000,762,70,678,14,86023,76154,6501,3368
291,1609632000000,571,49,535,-13,86594,76689,6550,3355
292,1609718400000,673,49,501,123,87267,77190,6599,3478
293,1609804800000,673,61,502,110,87940,77692,6660,3588
294,1609891200000,803,51,905,-153,88743,78597,6711,3435
295,1609977600000,879,81,559,239,89622,79156,6792,3674
296,1610064000000,977,70,625,282,90599,79781,6862,3956
297,1610150400000,1014,50,591,373,91613,80372,6912,4329
298,1610236800000,947,56,818,73,92560,81190,6968,4402
299,1610323200000,845,47,486,312,93405,81676,7015,4714
300,1610409600000,832,68,728,36,94237,82404,7083,4750
301,1610496000000,885,75,884,-74,95122,83288,7158,4676
302,1610582400000,1006,66,766,174,96128,84054,7224,4850
303,1610668800000,1254,69,787,398,97382,84841,7293,5248
304,1610755200000,1216,46,709,461,98598,85550,7339,5709
305,1610841600000,906,50,766,90,99504,86316,7389,5799
306,1610928000000,863,38,704,121,100367,87020,7427,5920
307,1611014400000,946,52,676,218,101313,87696,7479,6138
308,1611100800000,940,59,700,181,102253,88396,7538,6319
309,1611187200000,1122,51,915,156,103375,89311,7589,6475
310,1611273600000,1046,52,813,181,104421,90124,7641,6656
311,1611360000000,935,34,885,16,105356,91009,7675,6672
312,1611446400000,894,44,765,85,106250,91774,7719,6757
313,1611532800000,890,35,726,129,107140,92500,7754,6886
314,1611619200000,933,55,746,132,108073,93246,7809,7018
315,1611705600000,1090,44,770,276,109163,94016,7853,7294
316,1611792000000,1034,45,753,236,110197,94769,7898,7530
317,1611878400000,997,33,933,31,111194,95702,7931,7561
318,1611964800000,854,38,804,12,112048,96506,7969,7573
319,1612051200000,850,32,709,109,112898,97215,8001,7682
320,1612137600000,671,36,928,-293,113569,98143,8037,7389
321,1612224000000,808,50,919,-161,114377,99062,8087,7228
322,1612310400000,719,64,662,-7,115096,99724,8151,7221
323,1612396800000,595,57,874,-336,115691,100598,8208,6885
324,1612483200000,751,61,834,-144,116442,101432,8269,6741
325,1612569600000,694,62,678,-46,117136,102110,8331,6695
326,1612656000000,568,32,696,-160,117704,102806,8363,6535
327,1612742400000,664,26,752,-114,118368,103558,8389,6421
328,1612828800000,448,25,348,75,118816,103906,8414,6496
329,1612915200000,605,21,383,201,119421,104289,8435,6697
330,1613001600000,1049,48,454,547,120470,104743,8483,7244
331,1613088000000,776,92,575,109,121246,105318,8575,7353
332,1613174400000,558,34,491,33,121804,105809,8609,7386
333,1613260800000,516,39,397,80,122320,106206,8648,7466
334,1613347200000,430,36,469,-75,122750,106675,8684,7391
335,1613433600000,476,18,288,170,123226,106963,8702,7561
336,1613520000000,578,15,272,291,123804,107235,8717,7852
337,1613606400000,558,23,389,146,124362,107624,8740,7998
338,1613692800000,574,24,633,-83,124936,108257,8764,7915
339,1613779200000,624,31,572,21,125560,108829,8795,7936
340,1613865600000,447,26,531,-110,126007,109360,8821,7826
341,1613952000000,435,41,643,-249,126442,110003,8862,7577
342,1614038400000,548,36,493,19,126990,110496,8898,7596
343,1614124800000,580,29,696,-145,127570,111192,8927,7451
344,1614211200000,554,34,561,-41,128124,111753,8961,7410
345,1614297600000,544,20,598,-74,128668,112351,8981,7336
346,1614384000000,446,21,445,-20,129114,112796,9002,7316
347,1614470400000,325,26,561,-262,129439,113357,9028,7054
348,1614556800000,339,22,421,-104,129778,113778,9050,6950
349,1614643200000,411,22,654,-265,130189,114432,9072,6685
350,1614729600000,430,25,476,-71,130619,114908,9097,6614
351,1614816000000,403,22,440,-59,131022,115348,9119,6555
352,1614902400000,406,15,447,-56,131428,115795,9134,6499
353,1614988800000,395,25,466,-96,131823,116261,9159,6403
354,1615075200000,328,17,379,-68,132151,116640,9176,6335
355,1615161600000,325,23,410,-108,132476,117050,9199,6227
356,1615248000000,393,22,434,-63,132869,117484,9221,6164
357,1615334400000,399,20,480,-101,133268,117964,9241,6063
358,1615420800000,341,15,385,-59,133609,118349,9256,6004
359,1615507200000,339,15,417,-93,133948,118766,9271,5911
360,1615593600000,348,18,363,-33,134296,119129,9289,5878
361,1615680000000,278,14,213,51,134574,119342,9303,5929
362,1615766400000,257,20,292,-55,134831,119634,9323,5874
363,1615852800000,290,24,249,17,135121,119883,9347,5891
364,1615939200000,321,86,1008,-773,135442,120891,9433,5118
365,1616025600000,338,38,821,-521,135780,121712,9471,4597
366,1616112000000,305,45,359,-99,136085,122071,9516,4498
367,1616198400000,288,73,332,-117,136373,122403,9589,4381
368,1616284800000,291,22,542,-273,136664,122945,9611,4108
369,1616371200000,271,28,323,-80,136935,123268,9639,4028
370,1616457600000,239,28,377,-166,137174,123645,9667,3862
371,1616544000000,289,23,566,-300,137463,124211,9690,3562
372,1616630400000,348,21,345,-18,137811,124556,9711,3544
373,1616716800000,339,24,401,-86,138150,124957,9735,3458
374,1616803200000,275,17,452,-194,138425,125409,9752,3264
375,1616889600000,265,19,339,-93,138690,125748,9771,3171
376,1616976000000,251,33,804,-586,138941,126552,9804,2585
377,1617062400000,279,33,494,-248,139220,127046,9837,2337
378,1617148800000,301,36,274,-9,139521,127320,9873,2328
379,1617235200000,282,23,232,27,139803,127552,9896,2355
380,1617321600000,274,26,229,19,140077,127781,9922,2374
381,1617408000000,230,21,220,-11,140307,128001,9943,2363
382,1617494400000,220,20,197,3,140527,128198,9963,2366
383,1617580800000,229,30,233,-34,140756,128431,9993,2332
384,1617667200000,293,25,216,52,141049,128647,10018,2384
385,1617753600000,346,45,369,-68,141395,129016,10063,2316
386,1617840000000,298,26,218,54,141693,129234,10089,2370
387,1617926400000,309,19,250,40,142002,129484,10108,2410
388,1618012800000,277,28,227,22,142279,129711,10136,2432
389,1618099200000,247,23,340,-116,142526,130051,10159,2316
390,1618185600000,250,35,251,-36,142776,130302,10194,2280
391,1618272000000,248,33,224,-9,143024,130526,10227,2271
392,1618358400000,262,26,273,-37,143286,130799,10253,2234
393,1618444800000,295,27,228,40,143581,131027,10280,2274
394,1618531200000,290,24,310,-44,143871,131337,10304,2230
395,1618617600000,285,27,250,8,144156,131587,10331,2238
396,1618704000000,239,20,223,-4,144395,131810,10351,2234
397,1618790400000,255,30,235,-10,144650,132045,10381,2224
398,1618876800000,257,38,211,8,144907,132256,10419,2232
399,1618963200000,304,28,227,49,145211,132483,10447,2281
400,1619049600000,290,25,235,30,145501,132718,10472,2311
401,1619136000000,300,28,262,10,145801,132980,10500,2321
402,1619222400000,258,18,300,-60,146059,133280,10518,2261
403,1619308800000,236,20,215,1,146295,133495,10538,2262
404,1619395200000,246,24,263,-41,146541,133758,10562,2221
405,1619481600000,237,27,245,-35,146778,134003,10589,2186
406,1619568000000,297,24,260,13,147075,134263,10613,2199
407,1619654400000,325,26,253,46,147400,134516,10639,2245
408,1619740800000,317,22,266,29,147717,134782,10661,2274
409,1619827200000,231,20,202,9,147948,134984,10681,2283
410,1619913600000,206,29,208,-31,148154,135192,10710,2252
411,1620000000000,217,20,253,-56,148371,135445,10730,2196
412,1620086400000,290,33,250,7,148661,135695,10763,2203
413,1620172800000,271,28,225,18,148932,135920,10791,2221
414,1620259200000,255,28,249,-22,149187,136169,10819,2199
415,1620345600000,235,22,283,-70,149422,136452,10841,2129
416,1620432000000,224,20,207,-3,149646,136659,10861,2126
417,1620518400000,230,19,196,15,149876,136855,10880,2141
418,1620604800000,205,21,213,-29,150081,137068,10901,2112
419,1620691200000,258,33,216,9,150339,137284,10934,2121
420,1620777600000,248,24,223,1,150587,137507,10958,2122
421,1620864000000,147,12,151,-16,150734,137658,10970,2106
422,1620950400000,142,15,175,-48,150876,137833,10985,2058
423,1621036800000,183,29,319,-165,151059,138152,11014,1893
424,1621123200000,163,17,163,-17,151222,138315,11031,1876
425,1621209600000,202,25,273,-96,151424,138588,11056,1780
426,1621296000000,227,22,229,-24,151651,138817,11078,1756
427,1621382400000,254,32,195,27,151905,139012,11110,1783
428,1621468800000,260,22,242,-4,152165,139254,11132,1779
429,1621555200000,243,17,176,50,152408,139430,11149,1829
430,1621641600000,233,16,198,19,152641,139628,11165,1848
431,1621728000000,228,17,205,6,152869,139833,11182,1854
432,1621814400000,227,20,208,-1,153096,140041,11202,1853
433,1621900800000,217,24,183,10,153313,140224,11226,1863
434,1621987200000,256,21,126,109,153569,140350,11247,1972
435,1622073600000,218,25,182,11,153787,140532,11272,1983
436,1622160000000,246,21,205,20,154033,140737,11293,2003
437,1622246400000,255,20,293,-58,154288,141030,11313,1945
438,1622332800000,217,18,159,40,154505,141189,11331,1985
439,1622419200000,249,31,226,-8,154754,141415,11362,1977
440,1622505600000,225,24,209,-8,154979,141624,11386,1969
441,1622592000000,239,29,206,4,155218,141830,11415,1973
442,1622678400000,260,26,208,26,155478,142038,11441,1999
443,1622764800000,303,25,256,22,155781,142294,11466,2021
444,1622851200000,244,26,182,36,156025,142476,11492,2057
445,1622937600000,276,21,192,63,156301,142668,11513,2120
446,1623024000000,301,27,197,77,156602,142865,11540,2197
447,1623110400000,389,35,248,106,156991,143113,11575,2303
448,1623196800000,405,34,218,153,157396,143331,11609,2456
449,1623283200000,426,33,227,166,157822,143558,11642,2622
450,1623369600000,441,39,257,145,158263,143815,11681,2767
451,1623456000000,358,30,198,130,158621,144013,11711,2897
452,1623542400000,422,34,295,93,159043,144308,11745,2990
453,1623628800000,403,35,280,88,159446,144588,11780,3078
454,1623715200000,500,41,245,214,159946,144833,11821,3292
455,1623801600000,701,52,257,392,160647,145090,11873,3684
456,1623888000000,721,59,339,323,161368,145429,11932,4007
457,1623974400000,728,41,409,278,162096,145838,11973,4285
458,1624060800000,692,47,344,301,162788,146182,12020,4586
459,1624147200000,737,55,382,300,163525,146564,12075,4886
460,1624233600000,719,57,367,295,164244,146931,12132,5181
461,1624320000000,746,44,382,320,164990,147313,12176,5501
462,1624406400000,873,56,428,389,165863,147741,12232,5890
463,1624492800000,943,57,394,492,166806,148135,12289,6382
464,1624579200000,973,56,508,409,167779,148643,12345,6791
465,1624665600000,992,56,579,357,168771,149222,12401,7148
466,1624752000000,889,67,493,329,169660,149715,12468,7477
467,1624838400000,1083,67,557,459,170743,150272,12535,7936
468,1624924800000,1065,90,634,341,171808,150906,12625,8277
469,1625011200000,1200,104,752,344,173008,151658,12729,8621
470,1625097600000,1420,78,700,642,174428,152358,12807,9263
471,1625184000000,1387,89,802,496,175815,153160,12896,9759
472,1625270400000,1439,90,741,608,177254,153901,12986,10367
473,1625356800000,1468,105,736,627,178722,154637,13091,10994
474,1625443200000,1540,120,1093,327,180262,155730,13211,11321
475,1625529600000,1806,127,1257,422,182068,156987,13338,11743
476,1625616000000,2545,165,1211,1169,184613,158198,13503,12912
477,1625702400000,2549,183,1296,1070,187162,159494,13686,13982
478,1625788800000,2534,179,1730,625,189696,161224,13865,14607
479,1625875200000,2237,193,1423,621,191933,162647,14058,15228
480,1625961600000,2421,285,1466,670,194354,164113,14343,15898
481,1626048000000,2738,177,1666,895,197092,165779,14520,16793
482,1626134400000,6268,182,2149,3937,203360,167928,14702,20730
483,1626220800000,7090,238,1834,5018,210450,169762,14940,25748
484,1626307200000,8230,213,1996,6021,218680,171758,15153,31769
485,1626393600000,7831,351,2227,5253,226511,173985,15504,37022
486,1626480000000,6920,284,2707,3929,233431,176692,15788,40951
487,1626566400000,5706,332,3007,2367,239137,179699,16120,43318
488,1626652800000,4419,357,2865,1197,243556,182564,16477,44515
489,1626739200000,5653,272,2584,2797,249209,185148,16749,47312
490,1626825600000,3862,404,2989,469,253071,188137,17153,47781
491,1626912000000,6624,281,3198,3145,259695,191335,17434,50926
492,1626998400000,6909,353,4144,2412,266604,195479,17787,53338
493,1627084800000,5700,362,4449,889,272304,199928,18149,54227
494,1627171200000,4764,320,4916,-472,277068,204844,18469,53755
495,1627257600000,3158,373,4492,-1707,280226,209336,18842,52048
496,1627344000000,6339,339,4975,1025,286565,214311,19181,53073
497,1627430400000,6419,409,4658,1352,292984,218969,19590,54425
498,1627516800000,5504,344,3981,1179,298488,222950,19934,55604
499,1627603200000,5204,391,4991,-178,303692,227941,20325,55426
500,1627689600000,4696,324,5176,-804,308388,233117,20649,54622
501,1627776000000,3675,332,5997,-2654,312063,239114,20981,51968
502,1627862400000,2489,343,4659,-2513,314552,243773,21324,49455
503,1627948800000,4113,320,4390,-597,318665,248163,21644,48858
504,1628035200000,4030,338,4188,-496,322695,252351,21982,48362
505,1628121600000,4074,314,4655,-895,326769,257006,22296,47467
506,1628208000000,4489,342,5026,-879,331258,262032,22638,46588
507,1628294400000,3439,323,4534,-1418,334697,266566,22961,45170
508,1628380800000,2537,305,3526,-1294,337234,270092,23266,43876
509,1628467200000,1965,294,3478,-1807,339199,273570,23560,42069
510,1628553600000,3618,257,4473,-1112,342817,278043,23817,40957
511,1628640000000,2885,322,4170,-1607,345702,282213,24139,39350
512,1628726400000,3162,302,4039,-1179,348864,286252,24441,38171
513,1628812800000,4178,253,4384,-459,353042,290636,24694,37712
514,1628899200000,3231,274,4493,-1536,356273,295129,24968,36176
515,1628985600000,1725,230,3497,-2002,357998,298626,25198,34174
516,1629072000000,1559,228,3786,-2455,359557,302412,25426,31719
517,1629158400000,2343,244,3972,-1873,361900,306384,25670,29846
518,1629244800000,1500,224,3217,-1941,363400,309601,25894,27905
519,1629331200000,3017,220,3728,-931,366417,313329,26114,26974
520,1629417600000,2508,204,3400,-1096,368925,316729,26318,25878
521,1629504000000,2122,202,3362,-1442,371047,320091,26520,24436
522,1629590400000,1301,203,2686,-1588,372348,322777,26723,22848
523,1629676800000,1073,188,3282,-2397,373421,326059,26911,20451
524,1629763200000,1700,184,3315,-1799,375121,329374,27095,18652
525,1629849600000,1619,200,2693,-1274,376740,332067,27295,17378
526,1629936000000,1354,148,2628,-1422,378094,334695,27443,15956
527,1630022400000,1409,158,2374,-1123,379503,337069,27601,14833
528,1630108800000,1079,168,1923,-1012,380582,338992,27769,13821
529,1630195200000,666,145,1610,-1089,381248,340602,27914,12732
530,1630281600000,640,130,1644,-1134,381888,342246,28044,11598
531,1630368000000,1323,128,1662,-467,383211,343908,28172,11131
532,1630454400000,1122,131,1477,-486,384333,345385,28303,10645
533,1630540800000,853,122,1505,-774,385186,346890,28425,9871
534,1630627200000,770,88,1087,-405,385956,347977,28513,9466
535,1630713600000,614,92,1201,-679,386570,349178,28605,8787
536,1630800000000,448,70,879,-501,387018,350057,28675,8286
537,1630886400000,361,78,971,-688,387379,351028,28753,7598
538,1630972800000,674,79,997,-402,388053,352025,28832,7196
539,1631059200000,613,60,943,-390,388666,352968,28892,6806
540,1631145600000,508,42,848,-382,389174,353816,28934,6424
541,1631232000000,515,49,787,-321,389689,354603,28983,6103
542,1631318400000,547,39,682,-174,390236,355285,29022,5929
543,1631404800000,367,32,611,-276,390603,355896,29054,5653
544,1631491200000,318,31,665,-378,390921,356561,29085,5275
545,1631577600000,496,22,722,-248,391417,357283,29107,5027
546,1631664000000,436,23,685,-272,391853,357968,29130,4755
547,1631750400000,335,28,651,-344,392188,358619,29158,4411
548,1631836800000,427,20,691,-284,392615,359310,29178,4127
549,1631923200000,314,20,558,-264,392929,359868,29198,3863
550,1632009600000,234,16,476,-258,393163,360344,29214,3605
551,1632096000000,142,23,412,-293,393305,360756,29237,3312
552,1632182400000,319,24,516,-221,393624,361272,29261,3091
553,1632268800000,297,14,365,-82,393921,361637,29275,3009
554,1632355200000,220,22,413,-215,394141,362050,29297,2794
555,1632441600000,218,17,352,-151,394359,362402,29314,2643
556,1632528000000,215,17,368,-170,394574,362770,29331,2473
557,1632614400000,170,8,239,-77,394744,363009,29339,2396
558,1632700800000,93,14,287,-208,394837,363296,29353,2188
559,1632787200000,179,11,248,-80,395016,363544,29364,2108
560,1632873600000,225,9,268,-52,395241,363812,29373,2056
561,1632960000000,195,13,252,-70,395436,364064,29386,1986
562,1633046400000,124,11,225,-112,395560,364289,29397,1874
563,1633132800000,129,12,244,-127,395689,364533,29409,1747
564,1633219200000,115,10,190,-85,395804,364723,29419,1662
565,1633305600000,62,8,204,-150,395866,364927,29427,1512
566,1633392000000,139,6,201,-68,396005,365128,29433,1444
567,1633478400000,158,8,196,-46,396163,365324,29441,1398
568,1633564800000,121,14,189,-82,396284,365513,29455,1316
569,1633651200000,119,7,167,-55,396403,365680,29462,1261
570,1633737600000,117,8,158,-49,396520,365838,29470,1212
571,1633824000000,127,3,150,-26,396647,365988,29473,1186
572,1633910400000,48,8,123,-83,396695,366111,29481,1103
573,1633996800000,160,9,154,-3,396855,366265,29490,1100
574,1634083200000,121,6,144,-29,396976,366409,29496,1071
575,1634169600000,86,3,122,-39,397062,366531,29499,1032
576,1634256000000,81,5,129,-53,397143,366660,29504,979
577,1634342400000,100,11,127,-38,397243,366787,29515,941
578,1634428800000,60,4,88,-32,397303,366875,29519,909
579,1634515200000,43,8,86,-51,397346,366961,29527,858
580,1634601600000,95,6,105,-16,397441,367066,29533,842
581,1634688000000,93,6,98,-11,397534,367164,29539,831
582,1634774400000,64,7,90,-33,397598,367254,29546,798
583,1634860800000,64,3,96,-35,397662,367350,29549,763
584,1634947200000,74,5,62,7,397736,367412,29554,770
585,1635033600000,54,2,70,-18,397790,367482,29556,752
586,1635120000000,34,7,69,-42,397824,367551,29563,710
587,1635206400000,51,7,72,-28,397875,367623,29570,682
588,1635292800000,90,6,99,-15,397965,367722,29576,667
589,1635379200000,72,4,72,-4,398037,367794,29580,663
590,1635465600000,54,5,56,-7,398091,367850,29585,656
591,1635552000000,81,6,67,8,398172,367917,29591,664
592,1635638400000,57,4,63,-10,398229,367980,29595,654
593,1635724800000,40,1,57,-18,398269,368037,29596,636
594,1635811200000,74,3,69,2,398343,368106,29599,638
595,1635897600000,67,8,72,-13,398410,368178,29607,625
596,1635984000000,59,6,57,-4,398469,368235,29613,621
597,1636070400000,46,3,61,-18,398515,368296,29616,603
598,1636156800000,47,3,51,-7,398562,368347,29619,596
599,1636243200000,32,3,41,-12,398594,368388,29622,584
600,1636329600000,30,1,54,-25,398624,368442,29623,559
601,1636416000000,49,7,66,-24,398673,368508,29630,535
602,1636502400000,65,3,76,-14,398738,368584,29633,521
603,1636588800000,42,3,55,-16,398780,368639,29636,505
604,1636675200000,33,4,44,-15,398813,368683,29640,490
605,1636761600000,49,1,46,2,398862,368729,29641,492
606,1636848000000,30,2,60,-32,398892,368789,29643,460
607,1636934400000,26,1,49,-24,398918,368838,29644,436
608,1637020800000,35,1,45,-11,398953,368883,29645,425
609,1637107200000,43,0,35,8,398996,368918,29645,433
610,1637193600000,24,1,32,-9,399020,368950,29646,424
611,1637280000000,28,1,33,-6,399048,368983,29647,418
612,1637366400000,30,1,35,-6,399078,369018,29648,412
613,1637452800000,25,3,20,2,399103,369038,29651,414
614,1637539200000,21,4,31,-14,399124,369069,29655,400
615,1637625600000,45,1,51,-7,399169,369120,29656,393
616,1637712000000,36,1,28,7,399205,369148,29657,400
617,1637798400000,32,3,20,9,399237,369168,29660,409
618,1637884800000,48,1,37,10,399285,369205,29661,419
619,1637971200000,31,3,19,9,399316,369224,29664,428
620,1638057600000,33,0,27,6,399349,369251,29664,434
621,1638144000000,10,1,15,-6,399359,369266,29665,428
622,1638230400000,36,3,33,0,399395,369299,29668,428
623,1638316800000,30,2,27,1,399425,369326,29670,429
624,1638403200000,36,0,33,3,399461,369359,29670,432
625,1638489600000,22,1,32,-11,399483,369391,29671,421
626,1638576000000,27,2,32,-7,399510,369423,29673,414
627,1638662400000,29,1,26,2,399539,369449,29674,416
628,1638748800000,18,1,25,-8,399557,369474,29675,408
629,1638835200000,36,0,41,-5,399593,369515,29675,403
630,1638921600000,27,3,34,-10,399620,369549,29678,393
631,1639008000000,30,1,26,3,399650,369575,29679,396
632,1639094400000,20,0,42,-22,399670,369617,29679,374
633,1639180800000,22,2,19,1,399692,369636,29681,375
634,1639267200000,22,3,29,-10,399714,369665,29684,365
635,1639353600000,14,0,20,-6,399728,369685,29684,359
636,1639440000000,27,3,21,3,399755,369706,29687,362
637,1639526400000,28,2,25,1,399783,369731,29689,363
638,1639612800000,25,1,24,0,399808,369755,29690,363
639,1639699200000,23,0,22,1,399831,369777,29690,364
640,1639785600000,20,2,18,0,399851,369795,29692,364
641,1639872000000,22,0,16,6,399873,369811,29692,370
642,1639958400000,15,1,20,-6,399888,369831,29693,364
643,1640044800000,14,5,23,-14,399902,369854,29698,350
644,1640131200000,9,1,15,-7,399911,369869,29699,343
645,1640217600000,17,0,20,-3,399928,369889,29699,340
646,1640304000000,25,0,21,4,399953,369910,29699,344
647,1640390400000,11,2,15,-6,399964,369925,29701,338
648,1640476800000,5,0,13,-8,399969,369938,29701,330
649,1640563200000,9,2,20,-13,399978,369958,29703,317
650,1640649600000,24,4,20,0,400002,369978,29707,317
651,1640736000000,16,1,19,-4,400018,369997,29708,313
652,1640822400000,19,1,12,6,400037,370009,29709,319
653,1640908800000,18,4,14,0,400055,370023,29713,319
654,1640995200000,15,1,12,2,400070,370035,29714,321
655,1641081600000,8,0,8,0,400078,370043,29714,321
656,1641168000000,10,0,9,1,400088,370052,29714,322
657,1641254400000,17,0,24,-7,400105,370076,29714,315
658,1641340800000,12,2,11,-1,400117,370087,29716,314
659,1641427200000,25,0,20,5,400142,370107,29716,319
660,1641513600000,15,1,16,-2,400157,370123,29717,317
661,1641600000000,29,3,16,10,400186,370139,29720,327
662,1641686400000,16,1,21,-6,400202,370160,29721,321
663,1641772800000,8,1,7,0,400210,370167,29722,321
664,1641859200000,29,1,11,17,400239,370178,29723,338
665,1641945600000,18,2,10,6,400257,370188,29725,344
666,1642032000000,22,0,12,10,400279,370200,29725,354
667,1642118400000,21,1,18,2,400300,370218,29726,356
668,1642204800000,23,0,19,4,400323,370237,29726,360
669,1642291200000,26,1,15,10,400349,370252,29727,370
670,1642377600000,14,0,20,-6,400363,370272,29727,364
671,1642464000000,44,1,20,23,400407,370292,29728,387
672,1642550400000,50,2,21,27,400457,370313,29730,414
673,1642636800000,89,3,26,60,400546,370339,29733,474
674,1642723200000,92,1,27,64,400638,370366,29734,538
675,1642809600000,79,2,45,32,400717,370411,29736,570
676,1642896000000,69,1,44,24,400786,370455,29737,594
677,1642982400000,60,0,53,7,400846,370508,29737,601
678,1643068800000,213,1,58,154,401059,370566,29738,755
679,1643155200000,238,0,105,133,401297,370671,29738,888
680,1643241600000,255,1,111,143,401552,370782,29739,1031
681,1643328000000,318,3,167,148,401870,370949,29742,1179
682,1643414400000,363,0,152,211,402233,371101,29742,1390
683,1643500800000,359,0,195,164,402592,371296,29742,1554
684,1643587200000,276,0,246,30,402868,371542,29742,1584
685,1643673600000,759,1,292,466,403627,371834,29743,2050
686,1643760000000,563,1,301,261,404190,372135,29744,2311
687,1643846400000,1395,2,542,851,405585,372677,29746,3162
688,1643932800000,1681,5,658,1018,407266,373335,29751,4180
689,1644019200000,2155,2,1053,1100,409421,374388,29753,5280
690,1644105600000,2218,7,1238,973,411639,375626,29760,6253
691,1644192000000,1339,5,1310,24,412978,376936,29765,6277
692,1644278400000,3610,6,1710,1894,416588,378646,29771,8171
693,1644364800000,4385,4,2305,2076,420973,380951,29775,10247
694,1644451200000,4054,5,2462,1587,425027,383413,29780,11834
695,1644537600000,4506,11,2869,1626,429533,386282,29791,13460
696,1644624000000,5880,6,2966,2908,435413,389248,29797,16368
697,1644710400000,5376,12,3287,2077,440789,392535,29809,18445
698,1644796800000,3885,21,3023,841,444674,395558,29830,19286
699,1644883200000,7530,15,3618,3897,452204,399176,29845,23183
700,1644969600000,7919,22,5340,2557,460123,404516,29867,25740
701,1645056000000,8977,24,5989,2964,469100,410505,29891,28704
702,1645142400000,8037,36,5684,2317,477137,416189,29927,31021
703,1645228800000,7946,29,5649,2268,485083,421838,29956,33289
704,1645315200000,5766,22,5480,264,490849,427318,29978,33553
705,1645401600000,3621,39,5193,-1611,494470,432511,30017,31942
706,1645488000000,7569,43,5756,1770,502039,438267,30060,33712
707,1645574400000,7486,48,5828,1610,509525,444095,30108,35322
708,1645660800000,6643,50,6508,85,516168,450603,30158,35407
709,1645747200000,5729,32,6208,-511,521897,456811,30190,34896
710,1645833600000,5413,47,6237,-871,527310,463048,30237,34025
711,1645920000000,3861,52,6242,-2433,531171,469290,30289,31592
712,1646006400000,2233,54,4621,-2442,533404,473911,30343,29150
713,1646092800000,2761,49,5554,-2842,536165,479465,30392,26308
714,1646179200000,4911,57,5357,-503,541076,484822,30449,25805
715,1646265600000,4135,44,5471,-1380,545211,490293,30493,24425
716,1646352000000,2331,60,4574,-2303,547542,494867,30553,22122
717,1646438400000,3651,58,4471,-878,551193,499338,30611,21244
718,1646524800000,2325,42,3685,-1402,553518,503023,30653,19842
719,1646611200000,1410,35,3646,-2271,554928,506669,30688,17571
720,1646697600000,2769,58,3672,-961,557697,510341,30746,16610
721,1646784000000,2246,37,3053,-844,559943,513394,30783,15766
722,1646870400000,1575,41,2375,-841,561518,515769,30824,14925
723,1646956800000,1394,41,2507,-1154,562912,518276,30865,13771
724,1647043200000,1165,44,2324,-1203,564077,520600,30909,12568
725,1647129600000,596,22,1933,-1359,564673,522533,30931,11209
726,1647216000000,838,37,2364,-1563,565511,524897,30968,9646
727,1647302400000,1140,39,1951,-850,566651,526848,31007,8796
728,1647388800000,904,36,1770,-902,567555,528618,31043,7894
729,1647475200000,725,34,1541,-850,568280,530159,31077,7044
730,1647561600000,661,36,1423,-798,568941,531582,31113,6246
731,1647648000000,470,24,1107,-661,569411,532689,31137,5585
732,1647734400000,452,13,903,-464,569863,533592,31150,5121
733,1647820800000,228,18,949,-739,570091,534541,31168,4382
734,1647907200000,478,26,783,-331,570569,535324,31194,4051
735,1647993600000,440,24,680,-264,571009,536004,31218,3787
736,1648080000000,368,20,645,-297,571377,536649,31238,3490
737,1648166400000,303,26,769,-492,571680,537418,31264,2998
738,1648252800000,310,15,528,-233,571990,537946,31279,2765
739,1648339200000,277,11,418,-152,572267,538364,31290,2613
740,1648425600000,148,16,461,-329,572415,538825,31306,2284
741,1648512000000,307,20,379,-92,572722,539204,31326,2192
742,1648598400000,240,21,381,-162,572962,539585,31347,2030
743,1648684800000,255,12,415,-172,573217,540000,31359,1858
744,1648771200000,177,11,303,-137,573394,540303,31370,1721
745,1648857600000,158,16,235,-93,573552,540538,31386,1628
746,1648944000000,140,12,219,-91,573692,540757,31398,1537
747,1649030400000,124,14,249,-139,573816,541006,31412,1398
748,1649116800000,165,16,240,-91,573981,541246,31428,1307
749,1649203200000,153,10,193,-50,574134,541439,31438,1257
750,1649289600000,143,11,175,-43,574277,541614,31449,1214
751,1649376000000,121,10,183,-72,574398,541797,31459,1142
752,1649462400000,86,14,131,-59,574484,541928,31473,1083
753,1649548800000,81,6,141,-66,574565,542069,31479,1017
754,1649635200000,48,10,125,-87,574613,542194,31489,930
755,1649721600000,106,9,125,-28,574719,542319,31498,902
756,1649808000000,85,4,114,-33,574804,542433,31502,869
757,1649894400000,69,7,118,-56,574873,542551,31509,813
758,1649980800000,54,3,87,-36,574927,542638,31512,777
759,1650067200000,46,3,80,-37,574973,542718,31515,740
760,1650153600000,55,3,79,-27,575028,542797,31518,713
761,1650240000000,31,3,89,-61,575059,542886,31521,652
762,1650326400000,79,7,83,-11,575138,542969,31528,641
763,1650412800000,41,7,72,-38,575179,543041,31535,603
764,1650499200000,32,5,54,-27,575211,543095,31540,576
765,1650585600000,40,1,68,-29,575251,543163,31541,547
766,1650672000000,40,3,53,-16,575291,543216,31544,531
767,1650758400000,33,4,35,-6,575324,543251,31548,525
768,1650844800000,25,5,51,-31,575349,543302,31553,494
769,1650931200000,55,4,58,-7,575404,543360,31557,487
770,1651017600000,32,4,44,-16,575436,543404,31561,471
771,1651104000000,27,3,47,-23,575463,543451,31564,448
772,1651190400000,40,2,34,4,575503,543485,31566,452
773,1651276800000,17,1,35,-19,575520,543520,31567,433
774,1651363200000,22,2,32,-12,575542,543552,31569,421
775,1651449600000,9,1,17,-9,575551,543569,31570,412
776,1651536000000,8,3,14,-9,575559,543583,31573,403
777,1651622400000,15,3,28,-16,575574,543611,31576,387
778,1651708800000,18,2,31,-15,575592,543642,31578,372
779,1651795200000,24,2,29,-7,575616,543671,31580,365
780,1651881600000,20,3,32,-15,575636,543703,31583,350
781,1651968000000,18,1,28,-11,575654,543731,31584,339
782,1652054400000,15,0,20,-5,575669,543751,31584,334
783,1652140800000,36,2,31,3,575705,543782,31586,337
784,1652227200000,47,0,27,20,575752,543809,31586,357
785,1652313600000,41,1,32,8,575793,543841,31587,365
786,1652400000000,30,2,19,9,575823,543860,31589,374
787,1652486400000,33,1,26,6,575856,543886,31590,380
788,1652572800000,32,0,18,14,575888,543904,31590,394
789,1652659200000,13,2,26,-15,575901,543930,31592,379
790,1652745600000,18,2,24,-8,575919,543954,31594,371
